-1	1.107985
0	2.240982
1	17.105942
2	11.046048
3	9.461262
4	11.636247
5	13.5199175
6	15.578255
7	16.682983
8	19.753212
9	19.61273
10	22.672413
11	47.50199
12	24.718618
13	26.83159
14	28.484772
15	28.397608
16	29.796474
17	31.125448
18	31.828794
19	34.379505
20	33.63924
21	35.846153
22	36.568966
23	36.362923
24	38.30618
25	39.739643
26	37.753334
27	44.935017
28	41.895306
29	43.147728
30	42.613335
31	47.283104
32	46.10849
33	50.903954
34	52.765957
35	53.050278
36	51.214287
37	52.05
38	54.721806
39	54.007874
40	55.227642
41	60.37069
42	57.039215
43	63.93
44	60.52041
45	64.094734
46	67.16854
47	61.587627
48	62.185715
49	67.161766
50	59.5
51	58.35
52	65.36207
53	70.703125
54	74.916664
55	86.57447
56	72.94915
57	71.1
58	80.833336
59	83.49123
60	85.181816
61	75.478264
62	70.64865
63	81.810814
64	84.31579
65	72.77419
66	83.02941
67	100.375
68	87.59091
69	82.03226
70	86.045456
71	91.5
72	80.65385
73	85.8125
74	95.45
75	81.666664
76	78.57895
77	74.76471
78	78.454544
79	98.411766
80	97.46667
81	125.545456
82	115.76471
83	92.5625
84	113.75
85	104.07692
86	65212.9
87	109.44444
88	84.94118
89	80.4375
90	133.0
91	116.85714
92	109.46667
93	78.55556
94	79.55556
95	102.53846
96	130.375
97	124.77778
98	121.07143
99	94.181816
100	127.90909
101	171.2
102	102.57143
103	109.375
104	116.71429
105	129.28572
106	119.0
107	113.818184
108	122.8
109	69.333336
110	141.0
111	85.0
112	83.0
113	120.545456
114	85.0
115	121.5
116	132.83333
117	150.71428
118	197.25
119	238.75
120	76.0
121	166.2
122	83.0
123	105.0
124	134.16667
125	111.666664
126	122.333336
127	105.666664
128	219.0
129	102.0
130	131.75
131	136.33333
132	137.0
133	274.66666
134	167.0
135	333.0
136	177.25
137	133.66667
138	241.33333
139	134.0
140	133.5
141	156.0
142	192.25
143	149.4
145	115.0
146	194.0
147	162.0
148	65.0
150	767183.0
151	200.0
152	95.0
153	91.0
154	134.0
155	223.66667
156	72.0
158	248.0
161	153.33333
162	122.0
163	44.0
164	215.0
165	112.0
167	253.0
169	153.0
171	101.0
172	129.0
174	176.5
177	153.0
181	47.0
183	114.333336
187	35.0
188	121.0
192	1.0
194	183.0
195	254.0
198	153.0
199	12.0
200	4.0
201	177.66667
202	182.0
203	86.0
204	253.5
207	91.0
211	204.0
219	377.0
223	1.0
224	183.0
225	107.0
227	105.0
229	96.0
232	50.0
234	56.0
253	234.0
262	271.0
269	723.0
279	3.0
287	588.0
291	3.0
298	239.0
306	156.0
354	1.0
380	532.0
399	558.0
400	1.0
410	4.0
415	415.0
418	188.0
445	77.0
450	1.0
475	475.0
500	1.4
550	1.0
583	1.0
610	610.0
616	1.0
631	3.0
675	1.0
800	1.0
951	20.0
985	1.0
999	2.0
1579	262.0
2009	1.0
2080904217	1.0
